[DIPPR Text]
 915FACU  0 0 0 0 0 0 0 0 0 0 0 0 
 914FACU  0 0 0 0 0 0 0 0 0 0 0 0 
 922FACU  0 0 0 0 0 0 0 0 0 0 0 0 
1501FACU  53 1 0 0 0 0 0 0 0 0 0 0 
 908FACU  0 0 0 0 0 0 0 0 0 0 0 0 
 909FACU  0 0 0 0 0 0 0 0 0 0 0 0 
1938FACU  59 1 0 0 0 0 0 0 0 0 0 0 
1894FACU  0 0 0 0 0 0 0 0 0 0 0 0 
1855FACU  0 0 0 0 0 0 0 0 0 0 0 0 
1904FACU  0 0 0 0 0 0 0 0 0 0 0 0 
 918FACU  0 0 0 0 0 0 0 0 0 0 0 0 
1907FACU  0 0 0 0 0 0 0 0 0 0 0 0 
 902FACU  0 0 0 0 0 0 0 0 0 0 0 0 
1921FACU  17 1 0 0 0 0 0 0 0 0 0 0 
1922FACU  0 0 0 0 0 0 0 0 0 0 0 0 
1911FACU  0 0 0 0 0 0 0 0 0 0 0 0 
 919FACU  0 0 0 0 0 0 0 0 0 0 0 0 
1903FACU  0 0 0 0 0 0 0 0 0 0 0 0 
 912FACU  0 0 0 0 0 0 0 0 0 0 0 0 
 900FACU  0 0 0 0 0 0 0 0 0 0 0 0 
 905FACU  0 0 0 0 0 0 0 0 0 0 0 0 
 899FACU  0 0 0 0 0 0 0 0 0 0 0 0 
 901FACU  0 0 0 0 0 0 0 0 0 0 0 0 
 910FACU  0 0 0 0 0 0 0 0 0 0 0 0 
 911FACU  0 0 0 0 0 0 0 0 0 0 0 0 
1521FACU  51 1 0 0 0 0 0 0 0 0 0 0 
1771FACU  0 0 0 0 0 0 0 0 0 0 0 0 
1001FACU  26 1 0 0 0 0 0 0 0 0 0 0 
1502FACU  0 0 0 0 0 0 0 0 0 0 0 0 
1681FACU  1 1 64 1 0 0 0 0 0 0 0 0 
   1FACU  0 0 0 0 0 0 0 0 0 0 0 0 
1101FACU  16 1 0 0 0 0 0 0 0 0 0 0 
1701FACU  29 1 0 0 0 0 0 0 0 0 0 0 
1541FACU  46 1 50 1 0 0 0 0 0 0 0 0 
1854FACU  0 0 0 0 0 0 0 0 0 0 0 0 
4865FACU  0 0 0 0 0 0 0 0 0 0 0 0 
 401FACU  3 2 0 0 0 0 0 0 0 0 0 0 
4868FACU  0 0 0 0 0 0 0 0 0 0 0 0 
1504FACU  2 1 46 1 0 0 0 0 0 0 0 0 
1851FACU  0 0 0 0 0 0 0 0 0 0 0 0 
1524FACU  45 1 49 1 0 0 0 0 0 0 0 0 
1772FACU  41 1 0 0 0 0 0 0 0 0 0 0 
 201FACU  2 2 0 0 0 0 0 0 0 0 0 0 
1522FACU  1 1 49 1 0 0 0 0 0 0 0 0 
1523FACU  45 2 0 0 0 0 0 0 0 0 0 0 
1002FACU  1 1 21 1 0 0 0 0 0 0 0 0 
1441FACU  2 1 26 1 0 0 0 0 0 0 0 0 
1252FACU  1 1 43 1 0 0 0 0 0 0 0 0 
1301FACU  1 1 24 1 0 0 0 0 0 0 0 0 
1503FACU  1 1 45 1 0 0 0 0 0 0 0 0 
   2FACU  1 2 0 0 0 0 0 0 0 0 0 0 
1401FACU  1 1 25 1 0 0 0 0 0 0 0 0 
1102FACU  1 1 2 1 15 1 0 0 0 0 0 0 
1201FACU  2 2 15 2 0 0 0 0 0 0 0 0 
1820FACU  1 1 102 1 0 0 0 0 0 0 0 0 
1802FACU  0 0 0 0 0 0 0 0 0 0 0 0 
1704FACU  1 1 30 1 0 0 0 0 0 0 0 0 
1774FACU  69 1 0 0 0 0 0 0 0 0 0 0 
 402FACU  1 1 66 1 0 0 0 0 0 0 0 0 
 301FACU  2 1 7 1 0 0 0 0 0 0 0 0 
 202FACU  1 1 5 1 3 1 0 0 0 0 0 0 
1051FACU  1 1 19 1 0 0 0 0 0 0 0 0 
1302FACU  1 1 2 1 24 1 0 0 0 0 0 0 
1312FACU  1 1 22 1 0 0 0 0 0 0 0 0 
1253FACU  1 1 2 1 43 1 0 0 0 0 0 0 
1876FACU  72 1 0 0 0 0 0 0 0 0 0 0 
   3FACU  1 2 2 1 0 0 0 0 0 0 0 0 
1104FACU  1 2 3 1 15 1 0 0 0 0 0 0 
1103FACU  1 1 2 2 15 1 0 0 0 0 0 0 
1703FACU  1 2 35 1 0 0 0 0 0 0 0 0 
 418FACU  5 1 66 1 8 1 0 0 0 0 0 0 
1821FACU  106 1 0 0 0 0 0 0 0 0 0 0 
1775FACU  0 0 0 0 0 0 0 0 0 0 0 0 
 404FACU  1 2 67 1 0 0 0 0 0 0 0 0 
 403FACU  1 1 2 1 66 1 0 0 0 0 0 0 
 302FACU  1 1 4 1 5 1 0 0 0 0 0 0 
 303FACU  5 2 0 0 0 0 0 0 0 0 0 0 
 204FACU  1 1 2 1 5 1 0 0 0 0 0 0 
 205FACU  1 2 6 1 0 0 0 0 0 0 0 0 
 206FACU  1 2 6 1 0 0 0 0 0 0 0 0 
 207FACU  1 2 7 1 0 0 0 0 0 0 0 0 
1006FACU  1 2 3 1 21 1 0 0 0 0 0 0 
1052FACU  1 1 2 1 19 1 0 0 0 0 0 0 
1479FACU  2 3 28 1 0 0 0 0 0 0 0 0 
1421FACU  2 2 26 2 0 0 0 0 0 0 0 0 
1256FACU  1 1 2 2 43 1 0 0 0 0 0 0 
1313FACU  1 2 23 1 0 0 0 0 0 0 0 0 
1322FACU  1 1 2 1 22 1 0 0 0 0 0 0 
1303FACU  1 1 2 2 24 1 0 0 0 0 0 0 
1845FACU  0 0 0 0 0 0 0 0 0 0 0 0 
2856FACU  0 0 0 0 0 0 0 0 0 0 0 0 
   5FACU  1 2 2 2 0 0 0 0 0 0 0 0 
   4FACU  1 3 3 1 0 0 0 0 0 0 0 0 
1105FACU  1 1 2 3 15 1 0 0 0 0 0 0 
1106FACU  1 2 2 1 3 1 15 1 0 0 0 0 
1107FACU  1 2 2 1 3 1 15 1 0 0 0 0 
1108FACU  1 3 4 1 15 1 0 0 0 0 0 0 
1402FACU  1 2 2 1 26 1 0 0 0 0 0 0 
1202FACU  2 3 15 2 26 1 0 0 0 0 0 0 
1710FACU  1 2 2 1 33 1 0 0 0 0 0 0 
1889FACU  62 1 0 0 0 0 0 0 0 0 0 0 
1791FACU  38 1 0 0 0 0 0 0 0 0 0 0 
 309FACU  1 1 5 1 7 1 0 0 0 0 0 0 
 104FACU  2 5 0 0 0 0 0 0 0 0 0 0 
 212FACU  1 2 2 1 7 1 0 0 0 0 0 0 
 213FACU  1 2 3 1 5 1 0 0 0 0 0 0 
 214FACU  1 3 8 1 0 0 0 0 0 0 0 0 
 209FACU  1 1 2 2 5 1 0 0 0 0 0 0 
 210FACU  1 2 2 1 6 1 0 0 0 0 0 0 
 211FACU  1 2 2 1 6 1 0 0 0 0 0 0 
1053FACU  1 2 2 1 20 1 0 0 0 0 0 0 
1061FACU  1 2 3 1 19 1 0 0 0 0 0 0 
1314FACU  1 1 2 2 22 1 0 0 0 0 0 0 
   8FACU  1 3 2 1 3 1 0 0 0 0 0 0 
   7FACU  1 2 2 3 0 0 0 0 0 0 0 0 
   9FACU  1 4 4 1 0 0 0 0 0 0 0 0 
1592FACU  10 3 54 3 0 0 0 0 0 0 0 0 
1573FACU  10 4 54 2 0 0 0 0 0 0 0 0 
1572FACU  10 4 54 2 0 0 0 0 0 0 0 0 
1574FACU  10 4 54 2 0 0 0 0 0 0 0 0 
1680FACU  10 5 11 1 65 1 0 0 0 0 0 0 
1571FACU  10 5 54 1 0 0 0 0 0 0 0 0 
1691FACU  10 5 11 1 64 1 0 0 0 0 0 0 
1886FACU  10 5 58 1 0 0 0 0 0 0 0 0 
 501FACU  10 6 0 0 0 0 0 0 0 0 0 0 
1181FACU  10 5 18 1 0 0 0 0 0 0 0 0 
1792FACU  10 5 37 1 0 0 0 0 0 0 0 0 
1080FACU  2 4 20 1 0 0 0 0 0 0 0 0 
 137FACU  2 6 0 0 0 0 0 0 0 0 0 0 
 216FACU  1 1 2 3 5 1 0 0 0 0 0 0 
 105FACU  1 1 2 4 3 1 0 0 0 0 0 0 
1151FACU  2 5 3 1 15 1 0 0 0 0 0 0 
  14FACU  1 4 2 1 4 1 0 0 0 0 0 0 
  15FACU  1 4 3 2 0 0 0 0 0 0 0 0 
  11FACU  1 2 2 4 0 0 0 0 0 0 0 0 
  12FACU  1 3 2 2 3 1 0 0 0 0 0 0 
  13FACU  1 3 2 2 3 1 0 0 0 0 0 0 
1203FACU  2 4 15 2 26 2 0 0 0 0 0 0 
1706FACU  1 3 2 2 36 1 0 0 0 0 0 0 
 502FACU  10 5 12 1 0 0 0 0 0 0 0 0 
1183FACU  1 1 10 4 11 2 15 1 0 0 0 0 
1182FACU  1 1 10 4 11 2 15 1 0 0 0 0 
1184FACU  1 1 10 4 11 2 15 1 0 0 0 0 
 138FACU  1 1 2 5 3 1 0 0 0 0 0 0 
 107FACU  1 1 2 5 3 1 0 0 0 0 0 0 
 234FACU  1 1 2 4 5 1 0 0 0 0 0 0 
  17FACU  1 2 2 5 0 0 0 0 0 0 0 0 
 601FACU  2 1 10 5 14 1 0 0 0 0 0 0 
 504FACU  1 1 10 5 13 1 0 0 0 0 0 0 
 506FACU  10 4 12 2 0 0 0 0 0 0 0 0 
 505FACU  10 4 12 2 0 0 0 0 0 0 0 0 
 507FACU  10 4 12 2 0 0 0 0 0 0 0 0 
 140FACU  1 1 2 6 3 1 0 0 0 0 0 0 
 114FACU  1 1 2 6 3 1 0 0 0 0 0 0 
  27FACU  1 2 2 6 0 0 0 0 0 0 0 0 
  40FACU  1 5 2 1 3 1 4 1 0 0 0 0 
  41FACU  1 5 2 1 3 1 4 1 0 0 0 0 
  42FACU  1 5 2 1 3 1 4 1 0 0 0 0 
  43FACU  1 5 3 3 0 0 0 0 0 0 0 0 
1204FACU  2 5 15 2 26 3 0 0 0 0 0 0 
 803FACU  0 0 0 0 0 0 0 0 0 0 0 0 
 820FACU  0 0 0 0 0 0 0 0 0 0 0 0 
 510FACU  1 2 3 1 10 5 11 1 0 0 0 0 
 509FACU  1 1 2 2 10 5 11 1 0 0 0 0 
 149FACU  1 1 2 7 3 1 0 0 0 0 0 0 
  46FACU  1 2 2 7 0 0 0 0 0 0 0 0 
 701FACU  0 0 0 0 0 0 0 0 0 0 0 0 
 723FACU  0 0 0 0 0 0 0 0 0 0 0 0 
 724FACU  0 0 0 0 0 0 0 0 0 0 0 0 
 316FACU  2 2 6 4 0 0 0 0 0 0 0 0 
 518FACU  1 1 2 3 10 5 11 1 0 0 0 0 
 152FACU  1 1 2 8 3 1 0 0 0 0 0 0 
  56FACU  1 2 2 8 0 0 0 0 0 0 0 0 
 702FACU  0 0 0 0 0 0 0 0 0 0 0 0 
 703FACU  0 0 0 0 0 0 0 0 0 0 0 0 
  63FACU  1 2 2 9 0 0 0 0 0 0 0 0 
 808FACU  0 0 0 0 0 0 0 0 0 0 0 0 
 558FACU  10 10 11 2 0 0 0 0 0 0 0 0 
  64FACU  1 2 2 10 0 0 0 0 0 0 0 0 
 738FACU  0 0 0 0 0 0 0 0 0 0 0 0 
  65FACU  1 2 2 11 0 0 0 0 0 0 0 0 
 805FACU  0 0 0 0 0 0 0 0 0 0 0 0 
  66FACU  1 2 2 12 0 0 0 0 0 0 0 0 
  67FACU  1 2 2 13 0 0 0 0 0 0 0 0 
 717FACU  0 0 0 0 0 0 0 0 0 0 0 0 
 807FACU  0 0 0 0 0 0 0 0 0 0 0 0 
 710FACU  0 0 0 0 0 0 0 0 0 0 0 0 
  68FACU  1 2 2 14 0 0 0 0 0 0 0 0 
 806FACU  0 0 0 0 0 0 0 0 0 0 0 0 
 153FACU  2 8 3 2 0 0 0 0 0 0 0 0 
 154FACU  2 8 3 2 0 0 0 0 0 0 0 0 
1405FACU  1 3 4 1 25 1 0 0 0 0 0 0
1427FACU  1 3 2 1 4 1 25 1 0 0 0 0
1111FACU  1 3 2 1 4 1 15 1 0 0 0 0
# UNIFAC LLE
 915FACL  0 0 0 0 0 0 0 0 0 0 0 0 
 914FACL  0 0 0 0 0 0 0 0 0 0 0 0 
 922FACL  0 0 0 0 0 0 0 0 0 0 0 0 
1501FACL  39 1 0 0 0 0 0 0 0 0 0 0 
 908FACL  0 0 0 0 0 0 0 0 0 0 0 0 
 909FACL  0 0 0 0 0 0 0 0 0 0 0 0 
1938FACL  0 0 0 0 0 0 0 0 0 0 0 0 
1894FACL  0 0 0 0 0 0 0 0 0 0 0 0 
1855FACL  0 0 0 0 0 0 0 0 0 0 0 0 
1904FACL  0 0 0 0 0 0 0 0 0 0 0 0 
 918FACL  0 0 0 0 0 0 0 0 0 0 0 0 
1907FACL  0 0 0 0 0 0 0 0 0 0 0 0 
 902FACL  0 0 0 0 0 0 0 0 0 0 0 0 
1921FACL  17 1 0 0 0 0 0 0 0 0 0 0 
1922FACL  0 0 0 0 0 0 0 0 0 0 0 0 
1911FACL  0 0 0 0 0 0 0 0 0 0 0 0 
 919FACL  0 0 0 0 0 0 0 0 0 0 0 0 
1903FACL  0 0 0 0 0 0 0 0 0 0 0 0 
 912FACL  0 0 0 0 0 0 0 0 0 0 0 0 
 900FACL  0 0 0 0 0 0 0 0 0 0 0 0 
 905FACL  0 0 0 0 0 0 0 0 0 0 0 0 
 899FACL  0 0 0 0 0 0 0 0 0 0 0 0 
 901FACL  0 0 0 0 0 0 0 0 0 0 0 0 
 910FACL  0 0 0 0 0 0 0 0 0 0 0 0 
 911FACL  0 0 0 0 0 0 0 0 0 0 0 0 
1521FACL  37 1 0 0 0 0 0 0 0 0 0 0 
1771FACL  0 0 0 0 0 0 0 0 0 0 0 0 
1001FACL  28 1 0 0 0 0 0 0 0 0 0 0 
1502FACL  0 0 0 0 0 0 0 0 0 0 0 0 
1681FACL  0 0 0 0 0 0 0 0 0 0 0 0 
   1FACL  0 0 0 0 0 0 0 0 0 0 0 0 
1101FACL  1 1 14 1 0 0 0 0 0 0 0 0 
1701FACL  0 0 0 0 0 0 0 0 0 0 0 0 
1541FACL  32 1 36 1 0 0 0 0 0 0 0 0 
1854FACL  0 0 0 0 0 0 0 0 0 0 0 0 
4865FACL  0 0 0 0 0 0 0 0 0 0 0 0 
 401FACL  0 0 0 0 0 0 0 0 0 0 0 0 
4868FACL  0 0 0 0 0 0 0 0 0 0 0 0 
1504FACL  2 1 32 1 0 0 0 0 0 0 0 0 
1851FACL  0 0 0 0 0 0 0 0 0 0 0 0 
1524FACL  31 1 35 1 0 0 0 0 0 0 0 0 
1772FACL  0 0 0 0 0 0 0 0 0 0 0 0 
 201FACL  2 2 0 0 0 0 0 0 0 0 0 0 
1522FACL  1 1 35 1 0 0 0 0 0 0 0 0 
1523FACL  31 2 0 0 0 0 0 0 0 0 0 0 
1002FACL  0 0 0 0 0 0 0 0 0 0 0 0 
1441FACL  0 0 0 0 0 0 0 0 0 0 0 0 
1252FACL  1 1 23 1 0 0 0 0 0 0 0 0 
1301FACL  0 0 0 0 0 0 0 0 0 0 0 0 
1503FACL  1 1 31 1 0 0 0 0 0 0 0 0 
   2FACL  1 2 0 0 0 0 0 0 0 0 0 0 
1401FACL  0 0 0 0 0 0 0 0 0 0 0 0 
1102FACL  1 1 2 1 14 1 0 0 0 0 0 0 
1201FACL  2 2 14 2 0 0 0 0 0 0 0 0 
1820FACL  0 0 0 0 0 0 0 0 0 0 0 0 
1802FACL  0 0 0 0 0 0 0 0 0 0 0 0 
1704FACL  0 0 0 0 0 0 0 0 0 0 0 0 
1774FACL  0 0 0 0 0 0 0 0 0 0 0 0 
 402FACL  0 0 0 0 0 0 0 0 0 0 0 0 
 301FACL  2 1 8 1 0 0 0 0 0 0 0 0 
 202FACL  0 0 0 0 0 0 0 0 0 0 0 0 
1051FACL  1 1 19 1 0 0 0 0 0 0 0 0 
1302FACL  0 0 0 0 0 0 0 0 0 0 0 0 
1312FACL  0 0 0 0 0 0 0 0 0 0 0 0 
1253FACL  1 1 2 1 20 1 0 0 0 0 0 0 
1876FACL  0 0 0 0 0 0 0 0 0 0 0 0 
   3FACL  1 2 2 1 0 0 0 0 0 0 0 0 
1104FACL  16 1 0 0 0 0 0 0 0 0 0 0 
1103FACL  15 1 0 0 0 0 0 0 0 0 0 0 
1703FACL  0 0 0 0 0 0 0 0 0 0 0 0 
 418FACL  0 0 0 0 0 0 0 0 0 0 0 0 
1821FACL  0 0 0 0 0 0 0 0 0 0 0 0 
1775FACL  0 0 0 0 0 0 0 0 0 0 0 0 
 404FACL  0 0 0 0 0 0 0 0 0 0 0 0 
 403FACL  0 0 0 0 0 0 0 0 0 0 0 0 
 302FACL  1 1 4 1 5 1 0 0 0 0 0 0 
 303FACL  5 2 0 0 0 0 0 0 0 0 0 0 
 204FACL  1 1 2 1 5 1 0 0 0 0 0 0 
 205FACL  1 2 6 1 0 0 0 0 0 0 0 0 
 206FACL  1 2 6 1 0 0 0 0 0 0 0 0 
 207FACL  1 2 8 1 0 0 0 0 0 0 0 0 
1006FACL  0 0 0 0 0 0 0 0 0 0 0 0 
1052FACL  1 1 2 1 19 1 0 0 0 0 0 0 
1479FACL  0 0 0 0 0 0 0 0 0 0 0 0 
1421FACL  0 0 0 0 0 0 0 0 0 0 0 0 
1256FACL  1 1 2 2 23 1 0 0 0 0 0 0 
1313FACL  1 2 26 1 0 0 0 0 0 0 0 0 
1322FACL  1 1 2 1 25 1 0 0 0 0 0 0 
1303FACL  0 0 0 0 0 0 0 0 0 0 0 0 
1845FACL  56 1 0 0 0 0 0 0 0 0 0 0 
2856FACL  0 0 0 0 0 0 0 0 0 0 0 0 
   5FACL  1 2 2 2 0 0 0 0 0 0 0 0 
   4FACL  1 3 3 1 0 0 0 0 0 0 0 0 
1105FACL  1 1 2 3 14 1 0 0 0 0 0 0 
1106FACL  1 2 2 1 3 1 14 1 0 0 0 0 
1107FACL  1 2 2 1 3 1 14 1 0 0 0 0 
1108FACL  1 3 4 1 14 1 0 0 0 0 0 0 
1402FACL  0 0 0 0 0 0 0 0 0 0 0 0 
1202FACL  2 3 14 2 28 1 0 0 0 0 0 0 
1710FACL  0 0 0 0 0 0 0 0 0 0 0 0 
1889FACL  22 1 0 0 0 0 0 0 0 0 0 0 
1791FACL  50 1 0 0 0 0 0 0 0 0 0 0 
 309FACL  1 1 5 1 8 1 0 0 0 0 0 0 
 104FACL  2 5 0 0 0 0 0 0 0 0 0 0 
 212FACL  1 2 2 1 8 1 0 0 0 0 0 0 
 213FACL  1 2 2 1 8 1 0 0 0 0 0 0 
 214FACL  0 0 0 0 0 0 0 0 0 0 0 0 
 209FACL  1 1 2 2 5 1 0 0 0 0 0 0 
 210FACL  1 2 2 1 6 1 0 0 0 0 0 0 
 211FACL  1 2 2 1 6 1 0 0 0 0 0 0 
1053FACL  1 2 2 1 20 1 0 0 0 0 0 0 
1061FACL  1 2 3 1 19 1 0 0 0 0 0 0 
1314FACL  0 0 0 0 0 0 0 0 0 0 0 0 
   8FACL  1 3 2 1 3 1 0 0 0 0 0 0 
   7FACL  1 2 2 3 0 0 0 0 0 0 0 0 
   9FACL  1 4 4 1 0 0 0 0 0 0 0 0 
1592FACL  9 3 40 3 0 0 0 0 0 0 0 0 
1573FACL  9 4 40 2 0 0 0 0 0 0 0 0 
1572FACL  9 4 40 2 0 0 0 0 0 0 0 0 
1574FACL  9 4 40 2 0 0 0 0 0 0 0 0 
1680FACL  0 0 0 0 0 0 0 0 0 0 0 0 
1571FACL  9 5 40 1 0 0 0 0 0 0 0 0 
1691FACL  0 0 0 0 0 0 0 0 0 0 0 0 
1886FACL  0 0 0 0 0 0 0 0 0 0 0 0 
 501FACL  9 6 0 0 0 0 0 0 0 0 0 0 
1181FACL  9 5 18 1 0 0 0 0 0 0 0 0 
1792FACL  9 5 43 1 0 0 0 0 0 0 0 0 
1080FACL  2 4 20 1 0 0 0 0 0 0 0 0 
 137FACL  2 6 0 0 0 0 0 0 0 0 0 0 
 216FACL  1 1 2 3 5 1 0 0 0 0 0 0 
 105FACL  1 1 2 4 3 1 0 0 0 0 0 0 
1151FACL  2 5 3 1 14 1 0 0 0 0 0 0 
  14FACL  1 4 3 2 0 0 0 0 0 0 0 0 
  15FACL  1 4 3 2 0 0 0 0 0 0 0 0 
  11FACL  1 2 2 4 0 0 0 0 0 0 0 0 
  12FACL  1 3 2 2 3 1 0 0 0 0 0 0 
  13FACL  1 3 2 2 3 1 0 0 0 0 0 0 
1203FACL  2 4 14 2 28 2 0 0 0 0 0 0 
1706FACL  0 0 0 0 0 0 0 0 0 0 0 0 
 502FACL  9 5 11 1 0 0 0 0 0 0 0 0 
1183FACL  1 1 9 4 10 2 14 1 0 0 0 0 
1182FACL  1 1 9 4 10 2 14 1 0 0 0 0 
1184FACL  1 1 9 4 10 2 14 1 0 0 0 0 
 138FACL  1 1 2 5 3 1 0 0 0 0 0 0 
 107FACL  1 1 2 5 3 1 0 0 0 0 0 0 
 234FACL  1 1 2 4 5 1 0 0 0 0 0 0 
  17FACL  1 2 2 5 0 0 0 0 0 0 0 0 
 601FACL  2 1 9 5 13 1 0 0 0 0 0 0 
 504FACL  1 1 9 5 12 1 0 0 0 0 0 0 
 506FACL  9 4 11 2 0 0 0 0 0 0 0 0 
 505FACL  9 4 11 2 0 0 0 0 0 0 0 0 
 507FACL  9 4 11 2 0 0 0 0 0 0 0 0 
 140FACL  1 1 2 6 3 1 0 0 0 0 0 0 
 114FACL  1 1 2 6 3 1 0 0 0 0 0 0 
  27FACL  1 2 2 6 0 0 0 0 0 0 0 0 
  40FACL  1 5 2 1 3 1 4 1 0 0 0 0 
  41FACL  1 5 2 1 3 1 4 1 0 0 0 0 
  42FACL  1 5 2 1 3 1 4 1 0 0 0 0 
  43FACL  1 5 3 3 3 1 4 1 0 0 0 0 
1204FACL  2 5 14 2 28 3 0 0 0 0 0 0 
 803FACL  0 0 0 0 0 0 0 0 0 0 0 0 
 820FACL  0 0 0 0 0 0 0 0 0 0 0 0 
 510FACL  1 2 3 1 9 5 10 1 0 0 0 0 
 509FACL  1 1 2 2 9 5 10 1 0 0 0 0 
 149FACL  1 1 2 7 3 1 0 0 0 0 0 0 
  46FACL  1 2 2 7 0 0 0 0 0 0 0 0 
 701FACL  0 0 0 0 0 0 0 0 0 0 0 0 
 723FACL  0 0 0 0 0 0 0 0 0 0 0 0 
 724FACL  0 0 0 0 0 0 0 0 0 0 0 0 
 316FACL  2 2 6 4 0 0 0 0 0 0 0 0 
 518FACL  0 0 0 0 0 0 0 0 0 0 0 0 
 152FACL  1 1 2 8 3 1 0 0 0 0 0 0 
  56FACL  1 2 2 8 0 0 0 0 0 0 0 0 
 702FACL  0 0 0 0 0 0 0 0 0 0 0 0 
 703FACL  0 0 0 0 0 0 0 0 0 0 0 0 
  63FACL  1 2 2 9 0 0 0 0 0 0 0 0 
 808FACL  0 0 0 0 0 0 0 0 0 0 0 0 
 558FACL  9 10 10 2 0 0 0 0 0 0 0 0 
  64FACL  1 2 2 10 0 0 0 0 0 0 0 0 
 738FACL  0 0 0 0 0 0 0 0 0 0 0 0 
  65FACL  1 2 2 11 0 0 0 0 0 0 0 0 
 805FACL  0 0 0 0 0 0 0 0 0 0 0 0 
  66FACL  1 2 2 12 0 0 0 0 0 0 0 0 
  67FACL  1 2 2 13 0 0 0 0 0 0 0 0 
 717FACL  0 0 0 0 0 0 0 0 0 0 0 0 
 807FACL  0 0 0 0 0 0 0 0 0 0 0 0 
 710FACL  0 0 0 0 0 0 0 0 0 0 0 0 
  68FACL  1 2 2 14 0 0 0 0 0 0 0 0 
 806FACL  0 0 0 0 0 0 0 0 0 0 0 0 
# ASOG
 915ASOG  0 0 0 0 0 0 0 0 0 0 0 0 
 914ASOG  0 0 0 0 0 0 0 0 0 0 0 0 
 922ASOG  0 0 0 0 0 0 0 0 0 0 0 0 
1501ASOG  0 0 0 0 0 0 0 0 0 0 0 0 
 908ASOG  0 0 0 0 0 0 0 0 0 0 0 0 
 909ASOG  0 0 0 0 0 0 0 0 0 0 0 0 
1938ASOG  0 0 0 0 0 0 0 0 0 0 0 0 
1894ASOG  0 0 0 0 0 0 0 0 0 0 0 0 
1855ASOG  0 0 0 0 0 0 0 0 0 0 0 0 
1904ASOG  0 0 0 0 0 0 0 0 0 0 0 0 
 918ASOG  0 0 0 0 0 0 0 0 0 0 0 0 
1907ASOG  0 0 0 0 0 0 0 0 0 0 0 0 
 902ASOG  0 0 0 0 0 0 0 0 0 0 0 0 
1921ASOG  0 0 0 0 0 0 0 0 0 0 0 0 
1922ASOG  0 0 0 0 0 0 0 0 0 0 0 0 
1911ASOG  0 0 0 0 0 0 0 0 0 0 0 0 
 919ASOG  0 0 0 0 0 0 0 0 0 0 0 0 
1903ASOG  0 0 0 0 0 0 0 0 0 0 0 0 
 912ASOG  0 0 0 0 0 0 0 0 0 0 0 0 
 900ASOG  0 0 0 0 0 0 0 0 0 0 0 0 
 905ASOG  0 0 0 0 0 0 0 0 0 0 0 0 
 899ASOG  0 0 0 0 0 0 0 0 0 0 0 0 
 901ASOG  0 0 0 0 0 0 0 0 0 0 0 0 
 910ASOG  0 0 0 0 0 0 0 0 0 0 0 0 
 911ASOG  0 0 0 0 0 0 0 0 0 0 0 0 
1521ASOG  0 0 0 0 0 0 0 0 0 0 0 0 
1771ASOG  0 0 0 0 0 0 0 0 0 0 0 0 
1001ASOG  0 0 0 0 0 0 0 0 0 0 0 0 
1502ASOG  0 0 0 0 0 0 0 0 0 0 0 0 
1681ASOG  0 0 0 0 0 0 0 0 0 0 0 0 
   1ASOG  0 0 0 0 0 0 0 0 0 0 0 0 
1101ASOG  0 0 0 0 0 0 0 0 0 0 0 0 
1701ASOG  0 0 0 0 0 0 0 0 0 0 0 0 
1541ASOG  0 0 0 0 0 0 0 0 0 0 0 0 
1854ASOG  0 0 0 0 0 0 0 0 0 0 0 0 
4865ASOG  0 0 0 0 0 0 0 0 0 0 0 0 
 401ASOG  0 0 0 0 0 0 0 0 0 0 0 0 
4868ASOG  0 0 0 0 0 0 0 0 0 0 0 0 
1504ASOG  0 0 0 0 0 0 0 0 0 0 0 0 
1851ASOG  0 0 0 0 0 0 0 0 0 0 0 0 
1524ASOG  0 0 0 0 0 0 0 0 0 0 0 0 
1772ASOG  0 0 0 0 0 0 0 0 0 0 0 0 
 201ASOG  0 0 0 0 0 0 0 0 0 0 0 0 
1522ASOG  0 0 0 0 0 0 0 0 0 0 0 0 
1523ASOG  0 0 0 0 0 0 0 0 0 0 0 0 
1002ASOG  0 0 0 0 0 0 0 0 0 0 0 0 
1441ASOG  0 0 0 0 0 0 0 0 0 0 0 0 
1252ASOG  0 0 0 0 0 0 0 0 0 0 0 0 
1301ASOG  0 0 0 0 0 0 0 0 0 0 0 0 
1503ASOG  0 0 0 0 0 0 0 0 0 0 0 0 
   2ASOG  0 0 0 0 0 0 0 0 0 0 0 0 
1401ASOG  0 0 0 0 0 0 0 0 0 0 0 0 
1102ASOG  0 0 0 0 0 0 0 0 0 0 0 0 
1201ASOG  0 0 0 0 0 0 0 0 0 0 0 0 
1820ASOG  0 0 0 0 0 0 0 0 0 0 0 0 
1802ASOG  0 0 0 0 0 0 0 0 0 0 0 0 
1704ASOG  0 0 0 0 0 0 0 0 0 0 0 0 
1774ASOG  0 0 0 0 0 0 0 0 0 0 0 0 
 402ASOG  0 0 0 0 0 0 0 0 0 0 0 0 
 301ASOG  0 0 0 0 0 0 0 0 0 0 0 0 
 202ASOG  0 0 0 0 0 0 0 0 0 0 0 0 
1051ASOG  0 0 0 0 0 0 0 0 0 0 0 0 
1302ASOG  0 0 0 0 0 0 0 0 0 0 0 0 
1312ASOG  0 0 0 0 0 0 0 0 0 0 0 0 
1253ASOG  0 0 0 0 0 0 0 0 0 0 0 0 
1876ASOG  0 0 0 0 0 0 0 0 0 0 0 0 
   3ASOG  0 0 0 0 0 0 0 0 0 0 0 0 
1104ASOG  0 0 0 0 0 0 0 0 0 0 0 0 
1103ASOG  0 0 0 0 0 0 0 0 0 0 0 0 
1703ASOG  0 0 0 0 0 0 0 0 0 0 0 0 
 418ASOG  0 0 0 0 0 0 0 0 0 0 0 0 
1821ASOG  0 0 0 0 0 0 0 0 0 0 0 0 
1775ASOG  0 0 0 0 0 0 0 0 0 0 0 0 
 404ASOG  0 0 0 0 0 0 0 0 0 0 0 0 
 403ASOG  0 0 0 0 0 0 0 0 0 0 0 0 
 302ASOG  0 0 0 0 0 0 0 0 0 0 0 0 
 303ASOG  0 0 0 0 0 0 0 0 0 0 0 0 
 204ASOG  0 0 0 0 0 0 0 0 0 0 0 0 
 205ASOG  0 0 0 0 0 0 0 0 0 0 0 0 
 206ASOG  0 0 0 0 0 0 0 0 0 0 0 0 
 207ASOG  0 0 0 0 0 0 0 0 0 0 0 0 
1006ASOG  0 0 0 0 0 0 0 0 0 0 0 0 
1052ASOG  0 0 0 0 0 0 0 0 0 0 0 0 
1479ASOG  0 0 0 0 0 0 0 0 0 0 0 0 
1421ASOG  0 0 0 0 0 0 0 0 0 0 0 0 
1256ASOG  0 0 0 0 0 0 0 0 0 0 0 0 
1313ASOG  0 0 0 0 0 0 0 0 0 0 0 0 
1322ASOG  0 0 0 0 0 0 0 0 0 0 0 0 
1303ASOG  0 0 0 0 0 0 0 0 0 0 0 0 
1845ASOG  0 0 0 0 0 0 0 0 0 0 0 0 
2856ASOG  0 0 0 0 0 0 0 0 0 0 0 0 
   5ASOG  0 0 0 0 0 0 0 0 0 0 0 0 
   4ASOG  0 0 0 0 0 0 0 0 0 0 0 0 
1105ASOG  0 0 0 0 0 0 0 0 0 0 0 0 
1106ASOG  0 0 0 0 0 0 0 0 0 0 0 0 
1107ASOG  0 0 0 0 0 0 0 0 0 0 0 0 
1108ASOG  0 0 0 0 0 0 0 0 0 0 0 0 
1402ASOG  0 0 0 0 0 0 0 0 0 0 0 0 
1202ASOG  0 0 0 0 0 0 0 0 0 0 0 0 
1710ASOG  0 0 0 0 0 0 0 0 0 0 0 0 
1889ASOG  0 0 0 0 0 0 0 0 0 0 0 0 
1791ASOG  0 0 0 0 0 0 0 0 0 0 0 0 
 309ASOG  0 0 0 0 0 0 0 0 0 0 0 0 
 104ASOG  0 0 0 0 0 0 0 0 0 0 0 0 
 212ASOG  0 0 0 0 0 0 0 0 0 0 0 0 
 213ASOG  0 0 0 0 0 0 0 0 0 0 0 0 
 214ASOG  0 0 0 0 0 0 0 0 0 0 0 0 
 209ASOG  0 0 0 0 0 0 0 0 0 0 0 0 
 210ASOG  0 0 0 0 0 0 0 0 0 0 0 0 
 211ASOG  0 0 0 0 0 0 0 0 0 0 0 0 
1053ASOG  0 0 0 0 0 0 0 0 0 0 0 0 
1061ASOG  0 0 0 0 0 0 0 0 0 0 0 0 
1314ASOG  0 0 0 0 0 0 0 0 0 0 0 0 
   8ASOG  0 0 0 0 0 0 0 0 0 0 0 0 
   7ASOG  0 0 0 0 0 0 0 0 0 0 0 0 
   9ASOG  0 0 0 0 0 0 0 0 0 0 0 0 
1592ASOG  0 0 0 0 0 0 0 0 0 0 0 0 
1573ASOG  0 0 0 0 0 0 0 0 0 0 0 0 
1572ASOG  0 0 0 0 0 0 0 0 0 0 0 0 
1574ASOG  0 0 0 0 0 0 0 0 0 0 0 0 
1680ASOG  0 0 0 0 0 0 0 0 0 0 0 0 
1571ASOG  0 0 0 0 0 0 0 0 0 0 0 0 
1691ASOG  0 0 0 0 0 0 0 0 0 0 0 0 
1886ASOG  0 0 0 0 0 0 0 0 0 0 0 0 
 501ASOG  0 0 0 0 0 0 0 0 0 0 0 0 
1181ASOG  0 0 0 0 0 0 0 0 0 0 0 0 
1792ASOG  0 0 0 0 0 0 0 0 0 0 0 0 
1080ASOG  0 0 0 0 0 0 0 0 0 0 0 0 
 137ASOG  0 0 0 0 0 0 0 0 0 0 0 0 
 216ASOG  0 0 0 0 0 0 0 0 0 0 0 0 
 105ASOG  0 0 0 0 0 0 0 0 0 0 0 0 
1151ASOG  0 0 0 0 0 0 0 0 0 0 0 0 
  14ASOG  0 0 0 0 0 0 0 0 0 0 0 0 
  15ASOG  0 0 0 0 0 0 0 0 0 0 0 0 
  11ASOG  0 0 0 0 0 0 0 0 0 0 0 0 
  12ASOG  0 0 0 0 0 0 0 0 0 0 0 0 
  13ASOG  0 0 0 0 0 0 0 0 0 0 0 0 
1203ASOG  0 0 0 0 0 0 0 0 0 0 0 0 
1706ASOG  0 0 0 0 0 0 0 0 0 0 0 0 
 502ASOG  0 0 0 0 0 0 0 0 0 0 0 0 
1183ASOG  0 0 0 0 0 0 0 0 0 0 0 0 
1182ASOG  0 0 0 0 0 0 0 0 0 0 0 0 
1184ASOG  0 0 0 0 0 0 0 0 0 0 0 0 
 138ASOG  0 0 0 0 0 0 0 0 0 0 0 0 
 107ASOG  0 0 0 0 0 0 0 0 0 0 0 0 
 234ASOG  0 0 0 0 0 0 0 0 0 0 0 0 
  17ASOG  0 0 0 0 0 0 0 0 0 0 0 0 
 601ASOG  0 0 0 0 0 0 0 0 0 0 0 0 
 504ASOG  0 0 0 0 0 0 0 0 0 0 0 0 
 506ASOG  0 0 0 0 0 0 0 0 0 0 0 0 
 505ASOG  0 0 0 0 0 0 0 0 0 0 0 0 
 507ASOG  0 0 0 0 0 0 0 0 0 0 0 0 
 140ASOG  0 0 0 0 0 0 0 0 0 0 0 0 
 114ASOG  0 0 0 0 0 0 0 0 0 0 0 0 
  27ASOG  0 0 0 0 0 0 0 0 0 0 0 0 
  40ASOG  0 0 0 0 0 0 0 0 0 0 0 0 
  41ASOG  0 0 0 0 0 0 0 0 0 0 0 0 
  42ASOG  0 0 0 0 0 0 0 0 0 0 0 0 
  43ASOG  0 0 0 0 0 0 0 0 0 0 0 0 
1204ASOG  0 0 0 0 0 0 0 0 0 0 0 0 
 803ASOG  0 0 0 0 0 0 0 0 0 0 0 0 
 820ASOG  0 0 0 0 0 0 0 0 0 0 0 0 
 510ASOG  0 0 0 0 0 0 0 0 0 0 0 0 
 509ASOG  0 0 0 0 0 0 0 0 0 0 0 0 
 149ASOG  0 0 0 0 0 0 0 0 0 0 0 0 
  46ASOG  0 0 0 0 0 0 0 0 0 0 0 0 
 701ASOG  0 0 0 0 0 0 0 0 0 0 0 0 
 723ASOG  0 0 0 0 0 0 0 0 0 0 0 0 
 724ASOG  0 0 0 0 0 0 0 0 0 0 0 0 
 316ASOG  0 0 0 0 0 0 0 0 0 0 0 0 
 518ASOG  0 0 0 0 0 0 0 0 0 0 0 0 
 152ASOG  0 0 0 0 0 0 0 0 0 0 0 0 
  56ASOG  0 0 0 0 0 0 0 0 0 0 0 0 
 702ASOG  0 0 0 0 0 0 0 0 0 0 0 0 
 703ASOG  0 0 0 0 0 0 0 0 0 0 0 0 
  63ASOG  0 0 0 0 0 0 0 0 0 0 0 0 
 808ASOG  0 0 0 0 0 0 0 0 0 0 0 0 
 558ASOG  0 0 0 0 0 0 0 0 0 0 0 0 
  64ASOG  0 0 0 0 0 0 0 0 0 0 0 0 
 738ASOG  0 0 0 0 0 0 0 0 0 0 0 0 
  65ASOG  0 0 0 0 0 0 0 0 0 0 0 0 
 805ASOG  0 0 0 0 0 0 0 0 0 0 0 0 
  66ASOG  0 0 0 0 0 0 0 0 0 0 0 0 
  67ASOG  0 0 0 0 0 0 0 0 0 0 0 0 
 717ASOG  0 0 0 0 0 0 0 0 0 0 0 0 
 807ASOG  0 0 0 0 0 0 0 0 0 0 0 0 
 710ASOG  0 0 0 0 0 0 0 0 0 0 0 0 
  68ASOG  0 0 0 0 0 0 0 0 0 0 0 0 
 806ASOG  0 0 0 0 0 0 0 0 0 0 0 0 
# GCEOS (Gmehlingh)
 915GCES  0 0 0 0 0 0 0 0 0 0 0 0 
 914GCES  0 0 0 0 0 0 0 0 0 0 0 0 
 922GCES  0 0 0 0 0 0 0 0 0 0 0 0 
1501GCES  53 1 0 0 0 0 0 0 0 0 0 0 
 908GCES  0 0 0 0 0 0 0 0 0 0 0 0 
 909GCES  0 0 0 0 0 0 0 0 0 0 0 0 
1938GCES  59 1 0 0 0 0 0 0 0 0 0 0 
1894GCES  0 0 0 0 0 0 0 0 0 0 0 0 
1855GCES  0 0 0 0 0 0 0 0 0 0 0 0 
1904GCES  0 0 0 0 0 0 0 0 0 0 0 0 
 918GCES  0 0 0 0 0 0 0 0 0 0 0 0 
1907GCES  0 0 0 0 0 0 0 0 0 0 0 0 
 902GCES  0 0 0 0 0 0 0 0 0 0 0 0 
1921GCES  17 1 0 0 0 0 0 0 0 0 0 0 
1922GCES  0 0 0 0 0 0 0 0 0 0 0 0 
1911GCES  0 0 0 0 0 0 0 0 0 0 0 0 
 919GCES  0 0 0 0 0 0 0 0 0 0 0 0 
1903GCES  0 0 0 0 0 0 0 0 0 0 0 0 
 912GCES  0 0 0 0 0 0 0 0 0 0 0 0 
 900GCES  0 0 0 0 0 0 0 0 0 0 0 0 
 905GCES  0 0 0 0 0 0 0 0 0 0 0 0 
 899GCES  0 0 0 0 0 0 0 0 0 0 0 0 
 901GCES  0 0 0 0 0 0 0 0 0 0 0 0 
 910GCES  0 0 0 0 0 0 0 0 0 0 0 0 
 911GCES  0 0 0 0 0 0 0 0 0 0 0 0 
1521GCES  51 1 0 0 0 0 0 0 0 0 0 0 
1771GCES  0 0 0 0 0 0 0 0 0 0 0 0 
1001GCES  26 1 0 0 0 0 0 0 0 0 0 0 
1502GCES  0 0 0 0 0 0 0 0 0 0 0 0 
1681GCES  1 1 64 1 0 0 0 0 0 0 0 0 
   1GCES  0 0 0 0 0 0 0 0 0 0 0 0 
1101GCES  16 1 0 0 0 0 0 0 0 0 0 0 
1701GCES  29 1 0 0 0 0 0 0 0 0 0 0 
1541GCES  46 1 50 1 0 0 0 0 0 0 0 0 
1854GCES  0 0 0 0 0 0 0 0 0 0 0 0 
4865GCES  0 0 0 0 0 0 0 0 0 0 0 0 
 401GCES  3 2 0 0 0 0 0 0 0 0 0 0 
4868GCES  0 0 0 0 0 0 0 0 0 0 0 0 
1504GCES  2 1 46 1 0 0 0 0 0 0 0 0 
1851GCES  0 0 0 0 0 0 0 0 0 0 0 0 
1524GCES  45 1 49 1 0 0 0 0 0 0 0 0 
1772GCES  41 1 0 0 0 0 0 0 0 0 0 0 
 201GCES  2 2 0 0 0 0 0 0 0 0 0 0 
1522GCES  1 1 49 1 0 0 0 0 0 0 0 0 
1523GCES  45 2 0 0 0 0 0 0 0 0 0 0 
1002GCES  1 1 21 1 0 0 0 0 0 0 0 0 
1441GCES  2 1 26 1 0 0 0 0 0 0 0 0 
1252GCES  1 1 43 1 0 0 0 0 0 0 0 0 
1301GCES  1 1 24 1 0 0 0 0 0 0 0 0 
1503GCES  1 1 45 1 0 0 0 0 0 0 0 0 
   2GCES  1 2 0 0 0 0 0 0 0 0 0 0 
1401GCES  1 1 25 1 0 0 0 0 0 0 0 0 
1102GCES  1 1 2 1 15 1 0 0 0 0 0 0 
1201GCES  2 2 15 2 0 0 0 0 0 0 0 0 
1820GCES  1 1 102 1 0 0 0 0 0 0 0 0 
1802GCES  0 0 0 0 0 0 0 0 0 0 0 0 
1704GCES  1 1 30 1 0 0 0 0 0 0 0 0 
1774GCES  69 1 0 0 0 0 0 0 0 0 0 0 
 402GCES  1 1 66 1 0 0 0 0 0 0 0 0 
 301GCES  2 1 7 1 0 0 0 0 0 0 0 0 
 202GCES  1 1 5 1 3 1 0 0 0 0 0 0 
1051GCES  1 1 19 1 0 0 0 0 0 0 0 0 
1302GCES  1 1 2 1 24 1 0 0 0 0 0 0 
1312GCES  1 1 22 1 0 0 0 0 0 0 0 0 
1253GCES  1 1 2 1 43 1 0 0 0 0 0 0 
1876GCES  72 1 0 0 0 0 0 0 0 0 0 0 
   3GCES  1 2 2 1 0 0 0 0 0 0 0 0 
1104GCES  1 2 3 1 15 1 0 0 0 0 0 0 
1103GCES  1 1 2 2 15 1 0 0 0 0 0 0 
1703GCES  1 2 35 1 0 0 0 0 0 0 0 0 
 418GCES  5 1 66 1 8 1 0 0 0 0 0 0 
1821GCES  106 1 0 0 0 0 0 0 0 0 0 0 
1775GCES  0 0 0 0 0 0 0 0 0 0 0 0 
 404GCES  1 2 67 1 0 0 0 0 0 0 0 0 
 403GCES  1 1 2 1 66 1 0 0 0 0 0 0 
 302GCES  1 1 4 1 5 1 0 0 0 0 0 0 
 303GCES  5 2 0 0 0 0 0 0 0 0 0 0 
 204GCES  1 1 2 1 5 1 0 0 0 0 0 0 
 205GCES  1 2 6 1 0 0 0 0 0 0 0 0 
 206GCES  1 2 6 1 0 0 0 0 0 0 0 0 
 207GCES  1 2 7 1 0 0 0 0 0 0 0 0 
1006GCES  1 2 3 1 21 1 0 0 0 0 0 0 
1052GCES  1 1 2 1 19 1 0 0 0 0 0 0 
1479GCES  2 3 28 1 0 0 0 0 0 0 0 0 
1421GCES  2 2 26 2 0 0 0 0 0 0 0 0 
1256GCES  1 1 2 2 43 1 0 0 0 0 0 0 
1313GCES  1 2 23 1 0 0 0 0 0 0 0 0 
1322GCES  1 1 2 1 22 1 0 0 0 0 0 0 
1303GCES  1 1 2 2 24 1 0 0 0 0 0 0 
1845GCES  0 0 0 0 0 0 0 0 0 0 0 0 
2856GCES  0 0 0 0 0 0 0 0 0 0 0 0 
   5GCES  1 2 2 2 0 0 0 0 0 0 0 0 
   4GCES  1 3 3 1 0 0 0 0 0 0 0 0 
1105GCES  1 1 2 3 15 1 0 0 0 0 0 0 
1106GCES  1 2 2 1 3 1 15 1 0 0 0 0 
1107GCES  1 2 2 1 3 1 15 1 0 0 0 0 
1108GCES  1 3 4 1 15 1 0 0 0 0 0 0 
1402GCES  1 2 2 1 26 1 0 0 0 0 0 0 
1202GCES  2 3 15 2 26 1 0 0 0 0 0 0 
1710GCES  1 2 2 1 33 1 0 0 0 0 0 0 
1889GCES  62 1 0 0 0 0 0 0 0 0 0 0 
1791GCES  38 1 0 0 0 0 0 0 0 0 0 0 
 309GCES  1 1 5 1 7 1 0 0 0 0 0 0 
 104GCES  2 5 0 0 0 0 0 0 0 0 0 0 
 212GCES  1 2 2 1 7 1 0 0 0 0 0 0 
 213GCES  1 2 3 1 5 1 0 0 0 0 0 0 
 214GCES  1 3 8 1 0 0 0 0 0 0 0 0 
 209GCES  1 1 2 2 5 1 0 0 0 0 0 0 
 210GCES  1 2 2 1 6 1 0 0 0 0 0 0 
 211GCES  1 2 2 1 6 1 0 0 0 0 0 0 
1053GCES  1 2 2 1 20 1 0 0 0 0 0 0 
1061GCES  1 2 3 1 19 1 0 0 0 0 0 0 
1314GCES  1 1 2 2 22 1 0 0 0 0 0 0 
   8GCES  1 3 2 1 3 1 0 0 0 0 0 0 
   7GCES  1 2 2 3 0 0 0 0 0 0 0 0 
   9GCES  1 4 4 1 0 0 0 0 0 0 0 0 
1592GCES  10 3 54 3 0 0 0 0 0 0 0 0 
1573GCES  10 4 54 2 0 0 0 0 0 0 0 0 
1572GCES  10 4 54 2 0 0 0 0 0 0 0 0 
1574GCES  10 4 54 2 0 0 0 0 0 0 0 0 
1680GCES  10 5 11 1 65 1 0 0 0 0 0 0 
1571GCES  10 5 54 1 0 0 0 0 0 0 0 0 
1691GCES  10 5 11 1 64 1 0 0 0 0 0 0 
1886GCES  10 5 58 1 0 0 0 0 0 0 0 0 
 501GCES  10 6 0 0 0 0 0 0 0 0 0 0 
1181GCES  10 5 18 1 0 0 0 0 0 0 0 0 
1792GCES  10 5 37 1 0 0 0 0 0 0 0 0 
1080GCES  2 4 20 1 0 0 0 0 0 0 0 0 
 137GCES  2 6 0 0 0 0 0 0 0 0 0 0 
 216GCES  1 1 2 3 5 1 0 0 0 0 0 0 
 105GCES  1 1 2 4 3 1 0 0 0 0 0 0 
1151GCES  2 5 3 1 15 1 0 0 0 0 0 0 
  14GCES  1 4 2 1 4 1 0 0 0 0 0 0 
  15GCES  1 4 3 2 0 0 0 0 0 0 0 0 
  11GCES  1 2 2 4 0 0 0 0 0 0 0 0 
  12GCES  1 3 2 2 3 1 0 0 0 0 0 0 
  13GCES  1 3 2 2 3 1 0 0 0 0 0 0 
1203GCES  2 4 15 2 26 2 0 0 0 0 0 0 
1706GCES  1 3 2 2 36 1 0 0 0 0 0 0 
 502GCES  10 5 12 1 0 0 0 0 0 0 0 0 
1183GCES  1 1 10 4 11 2 15 1 0 0 0 0 
1182GCES  1 1 10 4 11 2 15 1 0 0 0 0 
1184GCES  1 1 10 4 11 2 15 1 0 0 0 0 
 138GCES  1 1 2 5 3 1 0 0 0 0 0 0 
 107GCES  1 1 2 5 3 1 0 0 0 0 0 0 
 234GCES  1 1 2 4 5 1 0 0 0 0 0 0 
  17GCES  1 2 2 5 0 0 0 0 0 0 0 0 
 601GCES  2 1 10 5 14 1 0 0 0 0 0 0 
 504GCES  1 1 10 5 13 1 0 0 0 0 0 0 
 506GCES  10 4 12 2 0 0 0 0 0 0 0 0 
 505GCES  10 4 12 2 0 0 0 0 0 0 0 0 
 507GCES  10 4 12 2 0 0 0 0 0 0 0 0 
 140GCES  1 1 2 6 3 1 0 0 0 0 0 0 
 114GCES  1 1 2 6 3 1 0 0 0 0 0 0 
  27GCES  1 2 2 6 0 0 0 0 0 0 0 0 
  40GCES  1 5 2 1 3 1 4 1 0 0 0 0 
  41GCES  1 5 2 1 3 1 4 1 0 0 0 0 
  42GCES  1 5 2 1 3 1 4 1 0 0 0 0 
  43GCES  1 5 3 3 0 0 0 0 0 0 0 0 
1204GCES  2 5 15 2 26 3 0 0 0 0 0 0 
 803GCES  0 0 0 0 0 0 0 0 0 0 0 0 
 820GCES  0 0 0 0 0 0 0 0 0 0 0 0 
 510GCES  1 2 3 1 10 5 11 1 0 0 0 0 
 509GCES  1 1 2 2 10 5 11 1 0 0 0 0 
 149GCES  1 1 2 7 3 1 0 0 0 0 0 0 
  46GCES  1 2 2 7 0 0 0 0 0 0 0 0 
 701GCES  0 0 0 0 0 0 0 0 0 0 0 0 
 723GCES  0 0 0 0 0 0 0 0 0 0 0 0 
 724GCES  0 0 0 0 0 0 0 0 0 0 0 0 
 316GCES  2 2 6 4 0 0 0 0 0 0 0 0 
 518GCES  1 1 2 3 10 5 11 1 0 0 0 0 
 152GCES  1 1 2 8 3 1 0 0 0 0 0 0 
  56GCES  1 2 2 8 0 0 0 0 0 0 0 0 
 702GCES  0 0 0 0 0 0 0 0 0 0 0 0 
 703GCES  0 0 0 0 0 0 0 0 0 0 0 0 
  63GCES  1 2 2 9 0 0 0 0 0 0 0 0 
 808GCES  0 0 0 0 0 0 0 0 0 0 0 0 
 558GCES  10 10 11 2 0 0 0 0 0 0 0 0 
  64GCES  1 2 2 10 0 0 0 0 0 0 0 0 
 738GCES  0 0 0 0 0 0 0 0 0 0 0 0 
  65GCES  1 2 2 11 0 0 0 0 0 0 0 0 
 805GCES  0 0 0 0 0 0 0 0 0 0 0 0 
  66GCES  1 2 2 12 0 0 0 0 0 0 0 0 
  67GCES  1 2 2 13 0 0 0 0 0 0 0 0 
 717GCES  0 0 0 0 0 0 0 0 0 0 0 0 
 807GCES  0 0 0 0 0 0 0 0 0 0 0 0 
 710GCES  0 0 0 0 0 0 0 0 0 0 0 0 
  68GCES  1 2 2 14 0 0 0 0 0 0 0 0 
 806GCES  0 0 0 0 0 0 0 0 0 0 0 0 
 153GCES  2 8 3 2 0 0 0 0 0 0 0 0 
 154GCES  2 8 3 2 0 0 0 0 0 0 0 0 
1405GCES  1 3 4 1 25 1 0 0 0 0 0 0
1427GCES  1 3 2 1 4 1 25 1 0 0 0 0
1111GCES  1 3 2 1 4 1 15 1 0 0 0 0
# UMR (Voutsas)
 915UMR   0 0 0 0 0 0 0 0 0 0 0 0 
 914UMR   201 1 0 0 0 0 0 0 0 0 0 0 
 922UMR   208 1 0 0 0 0 0 0 0 0 0 0 
1501UMR   53 1 0 0 0 0 0 0 0 0 0 0 
 908UMR   214 1 0 0 0 0 0 0 0 0 0 0 
 909UMR   215 1 0 0 0 0 0 0 0 0 0 0 
1938UMR   59 1 0 0 0 0 0 0 0 0 0 0 
1894UMR   0 0 0 0 0 0 0 0 0 0 0 0 
1855UMR   0 0 0 0 0 0 0 0 0 0 0 0 
1904UMR   208 1 0 0 0 0 0 0 0 0 0 0 
 918UMR   207 1 0 0 0 0 0 0 0 0 0 0 
1907UMR   220 1 0 0 0 0 0 0 0 0 0 0 
 902UMR   205 1 0 0 0 0 0 0 0 0 0 0 
1921UMR   17 1 0 0 0 0 0 0 0 0 0 0 
1922UMR   222 1 0 0 0 0 0 0 0 0 0 0 
1911UMR   223 1 0 0 0 0 0 0 0 0 0 0 
 919UMR   202 1 0 0 0 0 0 0 0 0 0 0 
1903UMR   0 0 0 0 0 0 0 0 0 0 0 0 
 912UMR   0 0 0 0 0 0 0 0 0 0 0 0 
 900UMR   0 0 0 0 0 0 0 0 0 0 0 0 
 905UMR   209 1 0 0 0 0 0 0 0 0 0 0 
 899UMR   213 1 0 0 0 0 0 0 0 0 0 0 
 901UMR   210 1 0 0 0 0 0 0 0 0 0 0 
 910UMR   216 1 0 0 0 0 0 0 0 0 0 0 
 911UMR   0 0 0 0 0 0 0 0 0 0 0 0 
1521UMR   51 1 0 0 0 0 0 0 0 0 0 0 
1771UMR   221 1 0 0 0 0 0 0 0 0 0 0 
1001UMR   26 1 0 0 0 0 0 0 0 0 0 0 
1502UMR   0 0 0 0 0 0 0 0 0 0 0 0 
1681UMR   1 1 64 1 0 0 0 0 0 0 0 0 
   1UMR   224 1 0 0 0 0 0 0 0 0 0 0 
1101UMR   16 1 0 0 0 0 0 0 0 0 0 0 
1701UMR   29 1 0 0 0 0 0 0 0 0 0 0 
1541UMR   46 1 50 1 0 0 0 0 0 0 0 0 
1854UMR   0 0 0 0 0 0 0 0 0 0 0 0 
4865UMR   0 0 0 0 0 0 0 0 0 0 0 0 
 401UMR   3 2 0 0 0 0 0 0 0 0 0 0 
4868UMR   0 0 0 0 0 0 0 0 0 0 0 0 
1504UMR   2 1 46 1 0 0 0 0 0 0 0 0 
1851UMR   0 0 0 0 0 0 0 0 0 0 0 0 
1524UMR   45 1 49 1 0 0 0 0 0 0 0 0 
1772UMR   41 1 0 0 0 0 0 0 0 0 0 0 
 201UMR   2 2 0 0 0 0 0 0 0 0 0 0 
1522UMR   1 1 49 1 0 0 0 0 0 0 0 0 
1523UMR   45 2 0 0 0 0 0 0 0 0 0 0 
1002UMR   1 1 21 1 0 0 0 0 0 0 0 0 
1441UMR   2 1 26 1 0 0 0 0 0 0 0 0 
1252UMR   1 1 43 1 0 0 0 0 0 0 0 0 
1301UMR   1 1 24 1 0 0 0 0 0 0 0 0 
1503UMR   1 1 45 1 0 0 0 0 0 0 0 0 
   2UMR   1 2 0 0 0 0 0 0 0 0 0 0 
1401UMR   1 1 25 1 0 0 0 0 0 0 0 0 
1102UMR   1 1 2 1 15 1 0 0 0 0 0 0 
1201UMR   2 2 15 2 0 0 0 0 0 0 0 0 
1820UMR   1 1 102 1 0 0 0 0 0 0 0 0 
1802UMR   0 0 0 0 0 0 0 0 0 0 0 0 
1704UMR   1 1 30 1 0 0 0 0 0 0 0 0 
1774UMR   69 1 0 0 0 0 0 0 0 0 0 0 
 402UMR   1 1 66 1 0 0 0 0 0 0 0 0 
 301UMR   2 1 7 1 0 0 0 0 0 0 0 0 
 202UMR   1 1 5 1 3 1 0 0 0 0 0 0 
1051UMR   1 1 19 1 0 0 0 0 0 0 0 0 
1302UMR   1 1 2 1 24 1 0 0 0 0 0 0 
1312UMR   1 1 22 1 0 0 0 0 0 0 0 0 
1253UMR   1 1 2 1 43 1 0 0 0 0 0 0 
1876UMR   72 1 0 0 0 0 0 0 0 0 0 0 
   3UMR   1 2 2 1 0 0 0 0 0 0 0 0 
1104UMR   1 2 3 1 15 1 0 0 0 0 0 0 
1103UMR   1 1 2 2 15 1 0 0 0 0 0 0 
1703UMR   1 2 35 1 0 0 0 0 0 0 0 0 
 418UMR   5 1 66 1 8 1 0 0 0 0 0 0 
1821UMR   106 1 0 0 0 0 0 0 0 0 0 0 
1775UMR   0 0 0 0 0 0 0 0 0 0 0 0 
 404UMR   1 2 67 1 0 0 0 0 0 0 0 0 
 403UMR   1 1 2 1 66 1 0 0 0 0 0 0 
 302UMR   1 1 4 1 5 1 0 0 0 0 0 0 
 303UMR   5 2 0 0 0 0 0 0 0 0 0 0 
 204UMR   1 1 2 1 5 1 0 0 0 0 0 0 
 205UMR   1 2 6 1 0 0 0 0 0 0 0 0 
 206UMR   1 2 6 1 0 0 0 0 0 0 0 0 
 207UMR   1 2 7 1 0 0 0 0 0 0 0 0 
1006UMR   1 2 3 1 21 1 0 0 0 0 0 0 
1052UMR   1 1 2 1 19 1 0 0 0 0 0 0 
1479UMR   2 3 28 1 0 0 0 0 0 0 0 0 
1421UMR   2 2 26 2 0 0 0 0 0 0 0 0 
1256UMR   1 1 2 2 43 1 0 0 0 0 0 0 
1313UMR   1 2 23 1 0 0 0 0 0 0 0 0 
1322UMR   1 1 2 1 22 1 0 0 0 0 0 0 
1303UMR   1 1 2 2 24 1 0 0 0 0 0 0 
1845UMR   0 0 0 0 0 0 0 0 0 0 0 0 
2856UMR   0 0 0 0 0 0 0 0 0 0 0 0 
   5UMR   1 2 2 2 0 0 0 0 0 0 0 0 
   4UMR   1 3 3 1 0 0 0 0 0 0 0 0 
1105UMR   1 1 2 3 15 1 0 0 0 0 0 0 
1106UMR   1 2 2 1 3 1 15 1 0 0 0 0 
1107UMR   1 2 2 1 3 1 15 1 0 0 0 0 
1108UMR   1 3 4 1 15 1 0 0 0 0 0 0 
1402UMR   1 2 2 1 26 1 0 0 0 0 0 0 
1202UMR   2 3 15 2 26 1 0 0 0 0 0 0 
1710UMR   1 2 2 1 33 1 0 0 0 0 0 0 
1889UMR   62 1 0 0 0 0 0 0 0 0 0 0 
1791UMR   38 1 0 0 0 0 0 0 0 0 0 0 
 309UMR   1 1 5 1 7 1 0 0 0 0 0 0 
 104UMR   2 5 0 0 0 0 0 0 0 0 0 0 
 212UMR   1 2 2 1 7 1 0 0 0 0 0 0 
 213UMR   1 2 3 1 5 1 0 0 0 0 0 0 
 214UMR   1 3 8 1 0 0 0 0 0 0 0 0 
 209UMR   1 1 2 2 5 1 0 0 0 0 0 0 
 210UMR   1 2 2 1 6 1 0 0 0 0 0 0 
 211UMR   1 2 2 1 6 1 0 0 0 0 0 0 
1053UMR   1 2 2 1 20 1 0 0 0 0 0 0 
1061UMR   1 2 3 1 19 1 0 0 0 0 0 0 
1314UMR   1 1 2 2 22 1 0 0 0 0 0 0 
   8UMR   1 3 2 1 3 1 0 0 0 0 0 0 
   7UMR   1 2 2 3 0 0 0 0 0 0 0 0 
   9UMR   1 4 4 1 0 0 0 0 0 0 0 0 
1592UMR   10 3 54 3 0 0 0 0 0 0 0 0 
1573UMR   10 4 54 2 0 0 0 0 0 0 0 0 
1572UMR   10 4 54 2 0 0 0 0 0 0 0 0 
1574UMR   10 4 54 2 0 0 0 0 0 0 0 0 
1680UMR   10 5 11 1 65 1 0 0 0 0 0 0 
1571UMR   10 5 54 1 0 0 0 0 0 0 0 0 
1691UMR   10 5 11 1 64 1 0 0 0 0 0 0 
1886UMR   10 5 58 1 0 0 0 0 0 0 0 0 
 501UMR   10 6 0 0 0 0 0 0 0 0 0 0 
1181UMR   10 5 18 1 0 0 0 0 0 0 0 0 
1792UMR   10 5 37 1 0 0 0 0 0 0 0 0 
1080UMR   2 4 20 1 0 0 0 0 0 0 0 0 
 137UMR   2 6 0 0 0 0 0 0 0 0 0 0 
 216UMR   1 1 2 3 5 1 0 0 0 0 0 0 
 105UMR   1 1 2 4 3 1 0 0 0 0 0 0 
1151UMR   2 5 3 1 15 1 0 0 0 0 0 0 
  14UMR   1 4 2 1 4 1 0 0 0 0 0 0 
  15UMR   1 4 3 2 0 0 0 0 0 0 0 0 
  11UMR   1 2 2 4 0 0 0 0 0 0 0 0 
  12UMR   1 3 2 2 3 1 0 0 0 0 0 0 
  13UMR   1 3 2 2 3 1 0 0 0 0 0 0 
1203UMR   2 4 15 2 26 2 0 0 0 0 0 0 
1706UMR   1 3 2 2 36 1 0 0 0 0 0 0 
 502UMR   10 5 12 1 0 0 0 0 0 0 0 0 
1183UMR   1 1 10 4 11 2 15 1 0 0 0 0 
1182UMR   1 1 10 4 11 2 15 1 0 0 0 0 
1184UMR   1 1 10 4 11 2 15 1 0 0 0 0 
 138UMR   1 1 2 5 3 1 0 0 0 0 0 0 
 107UMR   1 1 2 5 3 1 0 0 0 0 0 0 
 234UMR   1 1 2 4 5 1 0 0 0 0 0 0 
  17UMR   1 2 2 5 0 0 0 0 0 0 0 0 
 601UMR   2 1 10 5 14 1 0 0 0 0 0 0 
 504UMR   1 1 10 5 13 1 0 0 0 0 0 0 
 506UMR   10 4 12 2 0 0 0 0 0 0 0 0 
 505UMR   10 4 12 2 0 0 0 0 0 0 0 0 
 507UMR   10 4 12 2 0 0 0 0 0 0 0 0 
 140UMR   1 1 2 6 3 1 0 0 0 0 0 0 
 114UMR   1 1 2 6 3 1 0 0 0 0 0 0 
  27UMR   1 2 2 6 0 0 0 0 0 0 0 0 
  40UMR   1 5 2 1 3 1 4 1 0 0 0 0 
  41UMR   1 5 2 1 3 1 4 1 0 0 0 0 
  42UMR   1 5 2 1 3 1 4 1 0 0 0 0 
  43UMR   1 5 3 3 0 0 0 0 0 0 0 0 
1204UMR   2 5 15 2 26 3 0 0 0 0 0 0 
 803UMR   0 0 0 0 0 0 0 0 0 0 0 0 
 820UMR   0 0 0 0 0 0 0 0 0 0 0 0 
 510UMR   1 2 3 1 10 5 11 1 0 0 0 0 
 509UMR   1 1 2 2 10 5 11 1 0 0 0 0 
 149UMR   1 1 2 7 3 1 0 0 0 0 0 0 
  46UMR   1 2 2 7 0 0 0 0 0 0 0 0 
 701UMR   0 0 0 0 0 0 0 0 0 0 0 0 
 723UMR   0 0 0 0 0 0 0 0 0 0 0 0 
 724UMR   0 0 0 0 0 0 0 0 0 0 0 0 
 316UMR   2 2 6 4 0 0 0 0 0 0 0 0 
 518UMR   1 1 2 3 10 5 11 1 0 0 0 0 
 152UMR   1 1 2 8 3 1 0 0 0 0 0 0 
  56UMR   1 2 2 8 0 0 0 0 0 0 0 0 
 702UMR   0 0 0 0 0 0 0 0 0 0 0 0 
 703UMR   0 0 0 0 0 0 0 0 0 0 0 0 
  63UMR   1 2 2 9 0 0 0 0 0 0 0 0 
 808UMR   0 0 0 0 0 0 0 0 0 0 0 0 
 558UMR   10 10 11 2 0 0 0 0 0 0 0 0 
  64UMR   1 2 2 10 0 0 0 0 0 0 0 0 
 738UMR   0 0 0 0 0 0 0 0 0 0 0 0 
  65UMR   1 2 2 11 0 0 0 0 0 0 0 0 
 805UMR   0 0 0 0 0 0 0 0 0 0 0 0 
  66UMR   1 2 2 12 0 0 0 0 0 0 0 0 
  67UMR   1 2 2 13 0 0 0 0 0 0 0 0 
 717UMR   0 0 0 0 0 0 0 0 0 0 0 0 
 807UMR   0 0 0 0 0 0 0 0 0 0 0 0 
 710UMR   0 0 0 0 0 0 0 0 0 0 0 0 
  68UMR   1 2 2 14 0 0 0 0 0 0 0 0 
 806UMR   0 0 0 0 0 0 0 0 0 0 0 0 
 153UMR   2 8 3 2 0 0 0 0 0 0 0 0 
 154UMR   2 8 3 2 0 0 0 0 0 0 0 0 
1405UMR   1 3 4 1 25 1 0 0 0 0 0 0
1427UMR   1 3 2 1 4 1 25 1 0 0 0 0
1111UMR   1 3 2 1 4 1 15 1 0 0 0 0
# Modified UNIFAC Dortmund (Gmehlingh)
 915FACM  0 0 0 0 0 0 0 0 0 0 0 0 
 914FACM  0 0 0 0 0 0 0 0 0 0 0 0 
 922FACM  0 0 0 0 0 0 0 0 0 0 0 0 
1501FACM  52 1 0 0 0 0 0 0 0 0 0 0 
 908FACM  0 0 0 0 0 0 0 0 0 0 0 0 
 909FACM  0 0 0 0 0 0 0 0 0 0 0 0 
1938FACM  58 1 0 0 0 0 0 0 0 0 0 0 
1894FACM  0 0 0 0 0 0 0 0 0 0 0 0 
1855FACM  0 0 0 0 0 0 0 0 0 0 0 0 
1904FACM  0 0 0 0 0 0 0 0 0 0 0 0 
 918FACM  0 0 0 0 0 0 0 0 0 0 0 0 
1907FACM  0 0 0 0 0 0 0 0 0 0 0 0 
 902FACM  0 0 0 0 0 0 0 0 0 0 0 0 
1921FACM  16 1 0 0 0 0 0 0 0 0 0 0 
1922FACM  0 0 0 0 0 0 0 0 0 0 0 0 
1911FACM  0 0 0 0 0 0 0 0 0 0 0 0 
 919FACM  0 0 0 0 0 0 0 0 0 0 0 0 
1903FACM  0 0 0 0 0 0 0 0 0 0 0 0 
 912FACM  0 0 0 0 0 0 0 0 0 0 0 0 
 900FACM  0 0 0 0 0 0 0 0 0 0 0 0 
 905FACM  0 0 0 0 0 0 0 0 0 0 0 0 
 899FACM  0 0 0 0 0 0 0 0 0 0 0 0 
 901FACM  0 0 0 0 0 0 0 0 0 0 0 0 
 910FACM  0 0 0 0 0 0 0 0 0 0 0 0 
 911FACM  0 0 0 0 0 0 0 0 0 0 0 0 
1521FACM  50 1 0 0 0 0 0 0 0 0 0 0 
1771FACM  0 0 0 0 0 0 0 0 0 0 0 0 
1001FACM  25 1 0 0 0 0 0 0 0 0 0 0 
1502FACM  0 0 0 0 0 0 0 0 0 0 0 0 
1681FACM  1 1 63 1 0 0 0 0 0 0 0 0 
   1FACM  0 0 0 0 0 0 0 0 0 0 0 0 
1101FACM  15 1 0 0 0 0 0 0 0 0 0 0 
1701FACM  28 1 0 0 0 0 0 0 0 0 0 0 
1541FACM  45 1 49 1 0 0 0 0 0 0 0 0 
1854FACM  0 0 0 0 0 0 0 0 0 0 0 0 
4865FACM  0 0 0 0 0 0 0 0 0 0 0 0 
 401FACM  3 2 0 0 0 0 0 0 0 0 0 0 
4868FACM  0 0 0 0 0 0 0 0 0 0 0 0 
1504FACM  2 1 45 1 0 0 0 0 0 0 0 0 
1851FACM  0 0 0 0 0 0 0 0 0 0 0 0 
1524FACM  44 1 48 1 0 0 0 0 0 0 0 0 
1772FACM  40 1 0 0 0 0 0 0 0 0 0 0 
 201FACM  2 2 0 0 0 0 0 0 0 0 0 0 
1522FACM  1 1 48 1 0 0 0 0 0 0 0 0 
1523FACM  44 2 0 0 0 0 0 0 0 0 0 0 
1002FACM  1 1 20 1 0 0 0 0 0 0 0 0 
1441FACM  2 1 25 1 0 0 0 0 0 0 0 0 
1252FACM  1 1 42 1 0 0 0 0 0 0 0 0 
1301FACM  1 1 23 1 0 0 0 0 0 0 0 0 
1503FACM  1 1 44 1 0 0 0 0 0 0 0 0 
   2FACM  1 2 0 0 0 0 0 0 0 0 0 0 
1401FACM  1 1 24 1 0 0 0 0 0 0 0 0 
1102FACM  1 1 2 1 14 1 0 0 0 0 0 0 
1201FACM  2 2 14 2 0 0 0 0 0 0 0 0 
1820FACM  0 0 0 0 0 0 0 0 0 0 0 0 
1802FACM  0 0 0 0 0 0 0 0 0 0 0 0 
1704FACM  1 1 29 1 0 0 0 0 0 0 0 0 
1774FACM  68 1 0 0 0 0 0 0 0 0 0 0 
 402FACM  1 1 65 1 0 0 0 0 0 0 0 0 
 301FACM  2 1 7 1 0 0 0 0 0 0 0 0 
 202FACM  1 1 5 1 3 1 0 0 0 0 0 0 
1051FACM  1 1 18 1 0 0 0 0 0 0 0 0 
1302FACM  1 1 2 1 23 1 0 0 0 0 0 0 
1312FACM  1 1 22 1 0 0 0 0 0 0 0 0 
1253FACM  1 1 2 1 42 1 0 0 0 0 0 0 
1876FACM  72 1 0 0 0 0 0 0 0 0 0 0 
   3FACM  1 2 2 1 0 0 0 0 0 0 0 0 
1104FACM  1 2 3 1 14 1 0 0 0 0 0 0 
1103FACM  1 1 2 2 14 1 0 0 0 0 0 0 
1703FACM  1 2 34 1 0 0 0 0 0 0 0 0 
 418FACM  5 1 65 1 8 1 0 0 0 0 0 0 
1821FACM  0 0 0 0 0 0 0 0 0 0 0 0 
1775FACM  0 0 0 0 0 0 0 0 0 0 0 0 
 404FACM  1 2 66 1 0 0 0 0 0 0 0 0 
 403FACM  1 1 2 1 67 1 0 0 0 0 0 0 
 302FACM  1 1 4 1 5 1 0 0 0 0 0 0 
 303FACM  5 2 0 0 0 0 0 0 0 0 0 0 
 204FACM  1 1 2 1 5 1 0 0 0 0 0 0 
 205FACM  1 2 6 1 0 0 0 0 0 0 0 0 
 206FACM  1 2 6 1 0 0 0 0 0 0 0 0 
 207FACM  1 2 7 1 0 0 0 0 0 0 0 0 
1006FACM  1 2 3 1 20 1 0 0 0 0 0 0 
1052FACM  1 1 2 1 18 1 0 0 0 0 0 0 
1479FACM  2 3 27 1 0 0 0 0 0 0 0 0 
1421FACM  2 2 25 2 0 0 0 0 0 0 0 0 
1256FACM  1 1 2 2 42 1 0 0 0 0 0 0 
1313FACM  1 2 22 1 0 0 0 0 0 0 0 0 
1322FACM  1 1 2 1 21 1 0 0 0 0 0 0 
1303FACM  1 1 2 2 23 1 0 0 0 0 0 0 
1845FACM  0 0 0 0 0 0 0 0 0 0 0 0 
2856FACM  0 0 0 0 0 0 0 0 0 0 0 0 
   5FACM  1 2 2 2 0 0 0 0 0 0 0 0 
   4FACM  1 3 3 1 0 0 0 0 0 0 0 0 
1105FACM  1 1 2 3 14 1 0 0 0 0 0 0 
1106FACM  1 2 2 1 3 1 14 1 0 0 0 0 
1107FACM  1 2 2 1 3 1 14 1 0 0 0 0 
1108FACM  1 3 4 1 14 1 0 0 0 0 0 0 
1402FACM  1 2 2 1 25 1 0 0 0 0 0 0 
1202FACM  2 3 14 2 25 1 0 0 0 0 0 0 
1710FACM  1 2 2 1 32 1 0 0 0 0 0 0 
1889FACM  61 1 0 0 0 0 0 0 0 0 0 0 
1791FACM  37 1 0 0 0 0 0 0 0 0 0 0 
 309FACM  1 1 5 1 7 1 0 0 0 0 0 0 
 104FACM  78 5 0 0 0 0 0 0 0 0 0 0 
 212FACM  1 2 2 1 7 1 0 0 0 0 0 0 
 213FACM  1 2 3 1 5 1 0 0 0 0 0 0 
 214FACM  1 3 8 1 0 0 0 0 0 0 0 0 
 209FACM  1 1 2 2 5 1 0 0 0 0 0 0 
 210FACM  1 2 2 1 6 1 0 0 0 0 0 0 
 211FACM  1 2 2 1 6 1 0 0 0 0 0 0 
1053FACM  1 2 2 1 19 1 0 0 0 0 0 0 
1061FACM  1 2 3 1 18 1 0 0 0 0 0 0 
1314FACM  1 1 2 2 21 1 0 0 0 0 0 0 
   8FACM  1 3 2 1 3 1 0 0 0 0 0 0 
   7FACM  1 2 2 3 0 0 0 0 0 0 0 0 
   9FACM  1 4 4 1 0 0 0 0 0 0 0 0 
1592FACM  9 3 53 3 0 0 0 0 0 0 0 0 
1573FACM  9 4 53 2 0 0 0 0 0 0 0 0 
1572FACM  9 4 53 2 0 0 0 0 0 0 0 0 
1574FACM  9 4 53 2 0 0 0 0 0 0 0 0 
1680FACM  9 5 10 1 64 1 0 0 0 0 0 0 
1571FACM  9 5 53 1 0 0 0 0 0 0 0 0 
1691FACM  9 5 10 1 63 1 0 0 0 0 0 0 
1886FACM  9 5 57 1 0 0 0 0 0 0 0 0 
 501FACM  9 6 0 0 0 0 0 0 0 0 0 0 
1181FACM  9 5 17 1 0 0 0 0 0 0 0 0 
1792FACM  9 5 36 1 0 0 0 0 0 0 0 0 
1080FACM  2 4 19 1 0 0 0 0 0 0 0 0 
 137FACM  78 6 0 0 0 0 0 0 0 0 0 0 
 216FACM  1 1 2 3 5 1 0 0 0 0 0 0 
 105FACM  1 1 78 4 79 1 0 0 0 0 0 0 
1151FACM  2 5 3 1 14 1 0 0 0 0 0 0 
  14FACM  1 4 2 1 4 1 0 0 0 0 0 0 
  15FACM  1 4 3 2 0 0 0 0 0 0 0 0 
  11FACM  1 2 2 4 0 0 0 0 0 0 0 0 
  12FACM  1 3 2 2 3 1 0 0 0 0 0 0 
  13FACM  1 3 2 2 3 1 0 0 0 0 0 0 
1203FACM  2 4 14 2 25 2 0 0 0 0 0 0 
1706FACM  1 3 2 2 35 1 0 0 0 0 0 0 
 502FACM  9 5 10 1 0 0 0 0 0 0 0 0 
1183FACM  1 1 9 4 10 2 14 1 0 0 0 0 
1182FACM  1 1 9 4 10 2 14 1 0 0 0 0 
1184FACM  1 1 9 4 10 2 14 1 0 0 0 0 
 138FACM  1 1 78 5 79 1 0 0 0 0 0 0 
 107FACM  1 1 2 1 78 4 79 1 0 0 0 0
 234FACM  1 1 2 4 5 1 0 0 0 0 0 0 
  17FACM  1 2 2 5 0 0 0 0 0 0 0 0 
 601FACM  2 1 9 5 13 1 0 0 0 0 0 0 
 504FACM  1 1 9 5 12 1 0 0 0 0 0 0 
 506FACM  9 4 11 2 0 0 0 0 0 0 0 0 
 505FACM  9 4 11 2 0 0 0 0 0 0 0 0 
 507FACM  9 4 11 2 0 0 0 0 0 0 0 0 
 140FACM  1 1 2 1 78 5 79 1 0 0 0 0
 114FACM  1 1 2 2 78 4 79 1 0 0 0 0
  27FACM  1 2 2 6 0 0 0 0 0 0 0 0 
  40FACM  1 5 2 1 3 1 4 1 0 0 0 0 
  41FACM  1 5 2 1 3 1 4 1 0 0 0 0 
  42FACM  1 5 2 1 3 1 4 1 0 0 0 0 
  43FACM  1 5 3 3 0 0 0 0 0 0 0 0 
1204FACM  2 5 14 2 25 3 0 0 0 0 0 0 
 803FACM  0 0 0 0 0 0 0 0 0 0 0 0 
 820FACM  0 0 0 0 0 0 0 0 0 0 0 0 
 510FACM  1 2 3 1 9 5 10 1 0 0 0 0 
 509FACM  1 1 2 2 9 5 10 1 0 0 0 0 
 149FACM  1 1 2 2 78 5 79 1 0 0 0 0
  46FACM  1 2 2 7 0 0 0 0 0 0 0 0 
 701FACM  0 0 0 0 0 0 0 0 0 0 0 0 
 723FACM  0 0 0 0 0 0 0 0 0 0 0 0 
 724FACM  0 0 0 0 0 0 0 0 0 0 0 0 
 316FACM  2 2 6 4 0 0 0 0 0 0 0 0 
 518FACM  1 1 2 3 9 5 10 1 0 0 0 0 
 152FACM  1 1 2 3 78 5 79 1 0 0 0 0
  56FACM  1 2 2 8 0 0 0 0 0 0 0 0 
 702FACM  0 0 0 0 0 0 0 0 0 0 0 0 
 703FACM  0 0 0 0 0 0 0 0 0 0 0 0 
  63FACM  1 2 2 9 0 0 0 0 0 0 0 0 
 808FACM  0 0 0 0 0 0 0 0 0 0 0 0 
 558FACM  9 10 10 2 0 0 0 0 0 0 0 0 
  64FACM  1 2 2 10 0 0 0 0 0 0 0 0 
 738FACM  0 0 0 0 0 0 0 0 0 0 0 0 
  65FACM  1 2 2 11 0 0 0 0 0 0 0 0 
 805FACM  0 0 0 0 0 0 0 0 0 0 0 0 
  66FACM  1 2 2 12 0 0 0 0 0 0 0 0 
  67FACM  1 2 2 13 0 0 0 0 0 0 0 0 
 717FACM  0 0 0 0 0 0 0 0 0 0 0 0 
 807FACM  0 0 0 0 0 0 0 0 0 0 0 0 
 710FACM  0 0 0 0 0 0 0 0 0 0 0 0 
  68FACM  1 2 2 14 0 0 0 0 0 0 0 0 
 806FACM  0 0 0 0 0 0 0 0 0 0 0 0 
 153FACM  78 8 79 2 0 0 0 0 0 0 0 0 
 154FACM  78 8 79 2 0 0 0 0 0 0 0 0 
1405FACM  1 3 4 1 24 1 0 0 0 0 0 0
1427FACM  1 3 2 1 4 1 24 1 0 0 0 0
1111FACM  1 3 2 1 4 1 14 1 0 0 0 0
#